Ram = 0.4;
Rag = 0.3;
Lam = 0.05;
Lag = 0.06;
kam = 0.3;
kag = 0.25;
Jm= 0.04;
Jg = 0.05;
kfm= 0.0007
kfg = 0.0008;
Rload = 5;


StepSize =1/1000; 